r
SKATEBOARD TRICK RECORDER 3000
Number of Recorded Data Points: 0
Enter:(1)Record | (2)Exit
1
Recording complete!
Enter:(1)Save as Ollie | (2)Save as 'not ollie' | (3)Delete
1
___RECORD START____
1,1,11719,-4954.00,8831.00,-6604.00,-0.12,9.72,0.40,0.05,-0.12,-0.03
1,1,25391,-4992.00,8874.00,-6533.00,-0.13,9.73,0.40,0.05,-0.12,-0.03
1,1,39062,-4908.00,8818.00,-6468.00,-0.12,9.77,0.39,0.05,-0.12,-0.03
1,1,52734,-4913.00,8792.00,-6604.00,-0.13,9.77,0.39,0.05,-0.12,-0.03
1,1,66406,-4975.00,8794.00,-6633.00,-0.12,9.74,0.39,0.05,-0.12,-0.03
1,1,80078,-5007.00,8763.00,-6635.00,-0.12,9.74,0.40,0.05,-0.12,-0.03
1,1,93750,-4977.00,8829.00,-6556.00,-0.13,9.74,0.39,0.05,-0.12,-0.03
1,1,107422,-4969.00,8875.00,-6533.00,-0.13,9.72,0.39,0.05,-0.12,-0.03
1,1,121094,-4919.00,8793.00,-6515.00,-0.13,9.73,0.39,0.05,-0.12,-0.03
1,1,134766,-4896.00,8744.00,-6625.00,-0.12,9.73,0.40,0.05,-0.12,-0.03
1,1,148437,-4976.00,8784.00,-6596.00,-0.13,9.75,0.40,0.05,-0.12,-0.03
1,1,162109,-4984.00,8862.00,-6510.00,-0.12,9.73,0.39,0.06,-0.12,-0.03
1,1,175781,-4965.00,8814.00,-6572.00,-0.13,9.73,0.40,0.05,-0.12,-0.03
1,1,189453,-4965.00,8829.00,-6457.00,-0.13,9.73,0.38,0.05,-0.12,-0.03
1,1,203125,-4884.00,8781.00,-6527.00,-0.13,9.73,0.40,0.05,-0.12,-0.03
1,1,216797,-4921.00,8745.00,-6599.00,-0.13,9.74,0.40,0.05,-0.12,-0.03
1,1,230469,-4982.00,8785.00,-6596.00,-0.13,9.74,0.39,0.05,-0.12,-0.03
1,1,244141,-4954.00,8872.00,-6491.00,-0.13,9.75,0.39,0.05,-0.12,-0.03
1,1,257812,-4900.00,8814.00,-6512.00,-0.12,9.74,0.39,0.05,-0.12,-0.03
1,1,271484,-4955.00,8834.00,-6498.00,-0.12,9.74,0.39,0.05,-0.12,-0.03
1,1,285156,-4871.00,8785.00,-6504.00,-0.13,9.72,0.40,0.05,-0.12,-0.03
1,1,298828,-4880.00,8739.00,-6610.00,-0.13,9.73,0.41,0.05,-0.12,-0.03
1,1,312500,-4988.00,8821.00,-6564.00,-0.12,9.72,0.40,0.05,-0.12,-0.03
1,1,326172,-4984.00,8870.00,-6470.00,-0.12,9.73,0.39,0.05,-0.12,-0.03
1,1,339844,-4896.00,8810.00,-6508.00,-0.13,9.74,0.39,0.05,-0.12,-0.03
1,1,353516,-4870.00,8789.00,-6450.00,-0.12,9.75,0.40,0.05,-0.12,-0.03
1,1,367187,-4887.00,8790.00,-6498.00,-0.12,9.76,0.39,0.05,-0.12,-0.03
1,1,380859,-4912.00,8750.00,-6581.00,-0.13,9.73,0.40,0.05,-0.12,-0.03
1,1,394531,-4964.00,8842.00,-6621.00,-0.13,9.72,0.39,0.05,-0.12,-0.03
1,1,408203,-4936.00,8880.00,-6468.00,-0.13,9.72,0.39,0.05,-0.12,-0.03
1,1,422852,-4907.00,8799.00,-6503.00,-0.12,9.74,0.40,0.05,-0.12,-0.03
1,1,436523,-4936.00,8826.00,-6463.00,-0.11,9.73,0.39,0.05,-0.12,-0.03
1,1,450195,-4885.00,8778.00,-6555.00,-0.11,9.74,0.39,0.05,-0.12,-0.03
1,1,463867,-4939.00,8791.00,-6663.00,-0.12,9.73,0.39,0.05,-0.12,-0.03
1,1,477539,-4983.00,8869.00,-6591.00,-0.12,9.74,0.39,0.05,-0.12,-0.03
1,1,491211,-4942.00,8848.00,-6449.00,-0.13,9.73,0.39,0.05,-0.12,-0.03
1,1,504883,-4876.00,8781.00,-6551.00,-0.11,9.72,0.40,0.05,-0.12,-0.03
1,1,518555,-4930.00,8779.00,-6674.00,-0.12,9.72,0.40,0.05,-0.12,-0.03
1,1,532227,-4876.00,8775.00,-6621.00,-0.13,9.74,0.39,0.05,-0.12,-0.03
1,1,545898,-4924.00,8794.00,-6668.00,-0.13,9.75,0.40,0.05,-0.12,-0.03
1,1,559570,-4979.00,8888.00,-6572.00,-0.13,9.73,0.40,0.05,-0.12,-0.03
1,1,573242,-4957.00,8838.00,-6504.00,-0.12,9.73,0.39,0.05,-0.12,-0.03
1,1,586914,-4872.00,8778.00,-6591.00,-0.13,9.73,0.40,0.05,-0.12,-0.03
1,1,601562,-4911.00,8793.00,-6677.00,-0.13,9.74,0.39,0.05,-0.12,-0.03
1,1,615234,-4898.00,8751.00,-6632.00,-0.13,9.72,0.39,0.05,-0.12,-0.03
1,1,628906,-4936.00,8805.00,-6607.00,-0.12,9.73,0.40,0.05,-0.12,-0.03
1,1,642578,-4990.00,8861.00,-6525.00,-0.12,9.75,0.40,0.05,-0.12,-0.03
1,1,656250,-4911.00,8831.00,-6497.00,-0.13,9.75,0.39,0.05,-0.12,-0.03
1,1,669922,-4862.00,8788.00,-6594.00,-0.12,9.73,0.39,0.05,-0.12,-0.03
1,1,683594,-4925.00,8798.00,-6621.00,-0.12,9.73,0.40,0.05,-0.12,-0.03
1,1,697266,-4985.00,8842.00,-6619.00,-0.13,9.74,0.39,0.06,-0.12,-0.03
1,1,710937,-4986.00,8833.00,-6605.00,-0.13,9.74,0.40,0.05,-0.12,-0.03
1,1,724609,-4985.00,8881.00,-6490.00,-0.12,9.73,0.40,0.05,-0.12,-0.03
1,1,738281,-4880.00,8811.00,-6499.00,-0.12,9.74,0.39,0.05,-0.12,-0.03
1,1,751953,-4849.00,8774.00,-6658.00,-0.12,9.74,0.40,0.05,-0.12,-0.03
1,1,765625,-4891.00,8778.00,-6675.00,-0.12,9.73,0.40,0.05,-0.12,-0.03
1,1,779297,-4975.00,8866.00,-6574.00,-0.12,9.73,0.40,0.05,-0.12,-0.03
1,1,792969,-4941.00,8803.00,-6615.00,-0.12,9.73,0.40,0.05,-0.12,-0.03
1,1,806641,-4990.00,8840.00,-6505.00,-0.13,9.74,0.40,0.05,-0.12,-0.03
1,1,820312,-4886.00,8785.00,-6543.00,-0.13,9.74,0.40,0.05,-0.12,-0.03
1,1,833984,-4927.00,8757.00,-6600.00,-0.12,9.74,0.39,0.05,-0.12,-0.03
1,1,847656,-4991.00,8789.00,-6603.00,-0.12,9.73,0.39,0.05,-0.12,-0.03
1,1,861328,-5016.00,8856.00,-6547.00,-0.12,9.73,0.40,0.05,-0.12,-0.03
1,1,875000,-4949.00,8842.00,-6524.00,-0.12,9.73,0.40,0.05,-0.12,-0.03
1,1,888672,-4989.00,8881.00,-6499.00,-0.12,9.73,0.40,0.05,-0.12,-0.03
1,1,902344,-4903.00,8794.00,-6513.00,-0.11,9.73,0.39,0.05,-0.12,-0.03
1,1,916016,-4934.00,8804.00,-6628.00,-0.13,9.74,0.40,0.05,-0.12,-0.03
1,1,929687,-4978.00,8824.00,-6641.00,-0.13,9.75,0.39,0.05,-0.12,-0.03
1,1,943359,-4969.00,8885.00,-6495.00,-0.13,9.75,0.39,0.05,-0.12,-0.03
1,1,957031,-4953.00,8828.00,-6498.00,-0.13,9.73,0.40,0.05,-0.12,-0.03
1,1,970703,-4903.00,8780.00,-6624.00,-0.13,9.73,0.39,0.05,-0.12,-0.03
1,1,984375,-4897.00,8809.00,-6535.00,-0.12,9.74,0.39,0.05,-0.12,-0.03
1,1,998047,-4898.00,8760.00,-6684.00,-0.12,9.73,0.38,0.05,-0.12,-0.03
1,1,1011719,-4981.00,8837.00,-6602.00,-0.13,9.73,0.40,0.05,-0.12,-0.03
1,1,1025391,-4967.00,8836.00,-6514.00,-0.12,9.75,0.39,0.05,-0.12,-0.03
1,1,1039062,-4895.00,8795.00,-6505.00,-0.12,9.74,0.39,0.05,-0.12,-0.03
1,1,1053711,-4889.00,8745.00,-6569.00,-0.13,9.73,0.39,0.05,-0.12,-0.03
1,1,1067383,-4859.00,8754.00,-6553.00,-0.13,9.73,0.39,0.05,-0.12,-0.03
1,1,1081055,-4909.00,8793.00,-6624.00,-0.13,9.73,0.40,0.05,-0.12,-0.03
1,1,1094727,-4977.00,8829.00,-6572.00,-0.12,9.74,0.39,0.05,-0.12,-0.03
1,1,1108398,-4948.00,8858.00,-6496.00,-0.12,9.73,0.39,0.05,-0.12,-0.03
1,1,1122070,-4901.00,8770.00,-6508.00,-0.12,9.74,0.40,0.05,-0.12,-0.03
1,1,1135742,-4888.00,8737.00,-6607.00,-0.12,9.74,0.39,0.05,-0.12,-0.03
1,1,1149414,-4985.00,8761.00,-6588.00,-0.12,9.74,0.40,0.05,-0.12,-0.03
1,1,1163086,-4902.00,8765.00,-6695.00,-0.12,9.72,0.39,0.05,-0.12,-0.03
1,1,1176758,-4975.00,8847.00,-6601.00,-0.14,9.73,0.39,0.05,-0.12,-0.03
1,1,1190430,-4934.00,8824.00,-6526.00,-0.12,9.74,0.39,0.05,-0.12,-0.03
1,1,1204102,-4837.00,8758.00,-6566.00,-0.13,9.74,0.39,0.05,-0.12,-0.03
1,1,1217773,-4856.00,8729.00,-6622.00,-0.12,9.74,0.38,0.05,-0.12,-0.03
1,1,1231445,-4944.00,8803.00,-6597.00,-0.12,9.74,0.38,0.05,-0.12,-0.03
1,1,1245117,-4925.00,8760.00,-6600.00,-0.12,9.73,0.39,0.05,-0.12,-0.03
1,1,1258789,-4972.00,8843.00,-6581.00,-0.13,9.74,0.40,0.05,-0.12,-0.03
1,1,1272461,-4915.00,8833.00,-6500.00,-0.13,9.73,0.39,0.05,-0.12,-0.03
1,1,1286133,-4874.00,8760.00,-6547.00,-0.13,9.73,0.40,0.05,-0.12,-0.03
1,1,1299805,-4898.00,8739.00,-6646.00,-0.12,9.73,0.38,0.05,-0.12,-0.03
1,1,1313477,-4996.00,8847.00,-6589.00,-0.13,9.74,0.39,0.05,-0.12,-0.03
1,1,1327148,-4968.00,8846.00,-6491.00,-0.12,9.75,0.40,0.05,-0.12,-0.03
1,1,1340820,-4987.00,8887.00,-6575.00,-0.12,9.75,0.38,0.05,-0.12,-0.03
1,1,1354492,-4935.00,8805.00,-6511.00,-0.12,9.74,0.39,0.05,-0.12,-0.03
1,1,1368164,-4896.00,8745.00,-6587.00,-0.12,9.74,0.40,0.05,-0.12,-0.03
1,1,1382812,-4966.00,8808.00,-6684.00,-0.14,9.73,0.39,0.05,-0.12,-0.03
1,1,1396484,-4966.00,8849.00,-6558.00,-0.13,9.73,0.40,0.05,-0.12,-0.03
1,1,1410156,-4943.00,8846.00,-6515.00,-0.12,9.74,0.40,0.05,-0.12,-0.03
1,1,1423828,-4999.00,8878.00,-6565.00,-0.13,9.74,0.39,0.05,-0.12,-0.03
1,1,1437500,-4929.00,8817.00,-6519.00,-0.12,9.74,0.40,0.05,-0.12,-0.03
1,1,1451172,-4915.00,8778.00,-6629.00,-0.12,9.74,0.40,0.05,-0.12,-0.03
1,1,1464844,-4961.00,8811.00,-6646.00,-0.13,9.74,0.39,0.05,-0.12,-0.03
1,1,1478516,-4977.00,8871.00,-6550.00,-0.11,9.74,0.39,0.05,-0.12,-0.03
1,1,1492187,-4937.00,8840.00,-6534.00,-0.12,9.73,0.39,0.05,-0.12,-0.03
1,1,1505859,-4872.00,8868.00,-6525.00,-0.12,9.74,0.39,0.05,-0.12,-0.03
1,1,1519531,-4907.00,8802.00,-6553.00,-0.12,9.73,0.39,0.05,-0.12,-0.03
1,1,1533203,-4897.00,8774.00,-6613.00,-0.12,9.72,0.38,0.05,-0.12,-0.03
1,1,1546875,-4960.00,8804.00,-6640.00,-0.13,9.73,0.39,0.05,-0.12,-0.03
1,1,1560547,-4971.00,8838.00,-6558.00,-0.13,9.74,0.39,0.05,-0.12,-0.03
1,1,1574219,-4893.00,8811.00,-6503.00,-0.12,9.74,0.39,0.05,-0.12,-0.03
1,1,1587891,-4882.00,8751.00,-6549.00,-0.12,9.74,0.39,0.05,-0.12,-0.03
1,1,1601562,-4880.00,8800.00,-6545.00,-0.12,9.73,0.40,0.05,-0.12,-0.03
1,1,1615234,-4899.00,8741.00,-6677.00,-0.13,9.74,0.39,0.05,-0.12,-0.03
1,1,1628906,-4959.00,8803.00,-6637.00,-0.12,9.73,0.39,0.05,-0.12,-0.03
1,1,1642578,-4954.00,8876.00,-6541.00,-0.13,9.73,0.39,0.05,-0.12,-0.03
1,1,1656250,-4873.00,8834.00,-6524.00,-0.13,9.73,0.40,0.05,-0.12,-0.03
1,1,1669922,-4856.00,8769.00,-6629.00,-0.14,9.74,0.40,0.05,-0.12,-0.03
1,1,1683594,-4948.00,8833.00,-6660.00,-0.12,9.74,0.40,0.05,-0.12,-0.03
1,1,1697266,-4895.00,8782.00,-6673.00,-0.13,9.74,0.39,0.05,-0.12,-0.03
1,1,1710937,-4985.00,8848.00,-6589.00,-0.12,9.74,0.39,0.05,-0.12,-0.03
1,1,1724609,-4962.00,8847.00,-6532.00,-0.12,9.74,0.39,0.05,-0.12,-0.03
1,1,1738281,-4906.00,8798.00,-6508.00,-0.12,9.74,0.40,0.05,-0.12,-0.03
1,1,1751953,-4907.00,8759.00,-6642.00,-0.12,9.73,0.40,0.05,-0.12,-0.03
1,1,1765625,-4992.00,8790.00,-6621.00,-0.12,9.74,0.38,0.05,-0.12,-0.03
1,1,1779297,-5000.00,8851.00,-6795.00,-0.13,9.74,0.39,0.05,-0.12,-0.03
1,1,1792969,-5016.00,8834.00,-6603.00,-0.13,9.74,0.39,0.05,-0.12,-0.03
1,1,1806641,-4976.00,8878.00,-6464.00,-0.12,9.73,0.39,0.05,-0.12,-0.03
1,1,1820312,-4912.00,8748.00,-6506.00,-0.13,9.74,0.39,0.05,-0.12,-0.03
1,1,1833984,-4899.00,8757.00,-6652.00,-0.13,9.73,0.39,0.05,-0.12,-0.03
1,1,1847656,-4972.00,8800.00,-6662.00,-0.12,9.73,0.39,0.05,-0.12,-0.03
1,1,1861328,-4967.00,8813.00,-6506.00,-0.13,9.74,0.39,0.05,-0.12,-0.03
1,1,1875000,-4917.00,8827.00,-6560.00,-0.12,9.74,0.39,0.05,-0.12,-0.03
1,1,1888672,-4973.00,8840.00,-6497.00,-0.12,9.74,0.40,0.05,-0.12,-0.03
1,1,1902344,-4922.00,8765.00,-6560.00,-0.13,9.74,0.39,0.05,-0.12,-0.03
1,1,1916016,-4915.00,8751.00,-6659.00,-0.12,9.74,0.40,0.05,-0.12,-0.03
1,1,1929687,-5009.00,8817.00,-6624.00,-0.12,9.73,0.39,0.05,-0.12,-0.03
1,1,1943359,-4972.00,8871.00,-6489.00,-0.13,9.74,0.40,0.05,-0.12,-0.03
1,1,1957031,-4886.00,8803.00,-6484.00,-0.12,9.75,0.40,0.05,-0.12,-0.03
1,1,1970703,-4915.00,8820.00,-6471.00,-0.13,9.73,0.39,0.05,-0.12,-0.03
1,1,1984375,-4871.00,8745.00,-6513.00,-0.12,9.72,0.40,0.05,-0.12,-0.03
1,1,1998047,-4950.00,8767.00,-6665.00,-0.13,9.73,0.40,0.05,-0.12,-0.03
1,1,2011719,-5014.00,8824.00,-6568.00,-0.12,9.74,0.39,0.05,-0.12,-0.03
1,1,2025391,-4979.00,8856.00,-6511.00,-0.13,9.73,0.39,0.05,-0.12,-0.03
1,1,2039062,-4903.00,8789.00,-6586.00,-0.11,9.73,0.39,0.05,-0.12,-0.03
1,1,2052734,-4917.00,8741.00,-6704.00,-0.13,9.73,0.40,0.05,-0.12,-0.03
1,1,2066406,-4923.00,8752.00,-6583.00,-0.13,9.73,0.39,0.05,-0.12,-0.03
1,1,2080078,-4949.00,8754.00,-6666.00,-0.12,9.73,0.38,0.05,-0.12,-0.03
1,1,2093750,-4983.00,8836.00,-6606.00,-0.12,9.73,0.39,0.05,-0.12,-0.03
1,1,2107422,-4955.00,8834.00,-6484.00,-0.12,9.74,0.39,0.05,-0.12,-0.03
1,1,2121094,-4895.00,8752.00,-6550.00,-0.12,9.73,0.40,0.05,-0.12,-0.03
1,1,2134766,-4892.00,8763.00,-6643.00,-0.13,9.74,0.39,0.05,-0.12,-0.03
1,1,2148437,-4967.00,8818.00,-6574.00,-0.12,9.73,0.37,0.05,-0.12,-0.03
1,1,2162109,-4948.00,8774.00,-6651.00,-0.13,9.73,0.39,0.05,-0.12,-0.03
1,1,2175781,-4966.00,8847.00,-6521.00,-0.12,9.74,0.40,0.05,-0.12,-0.03
1,1,2189453,-4925.00,8852.00,-6502.00,-0.12,9.73,0.39,0.05,-0.12,-0.03
1,1,2203125,-4883.00,8753.00,-6564.00,-0.13,9.74,0.40,0.05,-0.12,-0.03
1,1,2216797,-4906.00,8770.00,-6675.00,-0.13,9.73,0.39,0.05,-0.12,-0.03
1,1,2230469,-4984.00,8839.00,-6596.00,-0.12,9.74,0.39,0.05,-0.12,-0.03
1,1,2244141,-4924.00,8804.00,-6608.00,-0.12,9.74,0.39,0.05,-0.12,-0.03
1,1,2257812,-4987.00,8889.00,-6514.00,-0.13,9.73,0.40,0.05,-0.12,-0.03
1,1,2271484,-4919.00,8819.00,-6527.00,-0.11,9.74,0.39,0.05,-0.12,-0.03
1,1,2285156,-4861.00,8783.00,-6557.00,-0.12,9.73,0.39,0.05,-0.12,-0.03
1,1,2298828,-4917.00,8810.00,-6657.00,-0.12,9.73,0.39,0.05,-0.12,-0.03
1,1,2313477,-4988.00,8837.00,-6555.00,-0.12,9.73,0.39,0.05,-0.12,-0.03
1,1,2327148,-4963.00,8831.00,-6592.00,-0.12,9.74,0.40,0.05,-0.12,-0.03
1,1,2341797,-4969.00,8861.00,-6510.00,-0.12,9.74,0.38,0.05,-0.12,-0.03
1,1,2355469,-4895.00,8817.00,-6485.00,-0.12,9.73,0.39,0.05,-0.12,-0.03
1,1,2369141,-4877.00,8796.00,-6599.00,-0.12,9.73,0.39,0.05,-0.12,-0.03
1,1,2382812,-4968.00,8818.00,-6607.00,-0.13,9.73,0.39,0.05,-0.12,-0.03
1,1,2396484,-4985.00,8869.00,-6530.00,-0.13,9.74,0.40,0.05,-0.12,-0.03
1,1,2410156,-5016.00,8818.00,-6612.00,-0.12,9.74,0.38,0.05,-0.12,-0.03
1,1,2423828,-5008.00,8851.00,-6491.00,-0.12,9.74,0.38,0.05,-0.12,-0.03
1,1,2437500,-4907.00,8853.00,-6487.00,-0.12,9.73,0.40,0.05,-0.12,-0.03
1,1,2451172,-4938.00,8772.00,-6588.00,-0.12,9.74,0.39,0.05,-0.12,-0.03
1,1,2464844,-4991.00,8821.00,-6625.00,-0.13,9.73,0.39,0.05,-0.12,-0.03
1,1,2478516,-5019.00,8873.00,-6536.00,-0.12,9.74,0.40,0.05,-0.12,-0.03
1,1,2492187,-4937.00,8795.00,-6570.00,-0.12,9.74,0.39,0.05,-0.12,-0.03
1,1,2505859,-4983.00,8845.00,-6526.00,-0.12,9.74,0.38,0.05,-0.12,-0.03
1,1,2519531,-4915.00,8789.00,-6534.00,-0.13,9.75,0.39,0.05,-0.12,-0.03
1,1,2533203,-4943.00,8779.00,-6637.00,-0.12,9.74,0.39,0.05,-0.12,-0.03
1,1,2546875,-4979.00,8850.00,-6597.00,-0.12,9.73,0.40,0.05,-0.12,-0.03
1,1,2560547,-4990.00,8889.00,-6477.00,-0.13,9.73,0.40,0.05,-0.12,-0.03
1,1,2574219,-4896.00,8814.00,-6515.00,-0.13,9.72,0.39,0.05,-0.12,-0.03
1,1,2587891,-4985.00,8858.00,-6517.00,-0.12,9.73,0.40,0.05,-0.12,-0.03
1,1,2601562,-4913.00,8801.00,-6598.00,-0.12,9.74,0.38,0.05,-0.12,-0.03
1,1,2615234,-4956.00,8791.00,-6629.00,-0.12,9.75,0.39,0.05,-0.12,-0.03
1,1,2628906,-5009.00,8857.00,-6653.00,-0.11,9.73,0.38,0.05,-0.12,-0.03
1,1,2642578,-5016.00,8888.00,-6493.00,-0.12,9.73,0.39,0.05,-0.12,-0.03
1,1,2656250,-4905.00,8800.00,-6511.00,-0.13,9.74,0.40,0.05,-0.12,-0.03
1,1,2670898,-4945.00,8768.00,-6615.00,-0.12,9.72,0.39,0.05,-0.12,-0.03
1,1,2684570,-4881.00,8770.00,-6526.00,-0.13,9.73,0.41,0.05,-0.12,-0.03
1,1,2698242,-4939.00,8781.00,-6638.00,-0.12,9.74,0.39,0.05,-0.12,-0.03
1,1,2711914,-4994.00,8817.00,-6562.00,-0.12,9.74,0.39,0.05,-0.12,-0.03
1,1,2725586,-4963.00,8852.00,-6472.00,-0.12,9.74,0.39,0.05,-0.12,-0.03
1,1,2739258,-4866.00,8793.00,-6506.00,-0.13,9.74,0.39,0.05,-0.12,-0.03
____RECORD END_____
SKATEBOARD TRICK RECORDER 3000
Number of Recorded Data Points: 1
Enter:(1)Record | (2)Exit
1
Recording complete!
Enter:(1)Save as Ollie | (2)Save as 'not ollie' | (3)Delete
2
___RECORD START____
2,0,3907,-2229.00,1719.00,-4024.00,-0.09,-0.06,-9.44,0.05,-0.12,-0.03
2,0,17579,-2143.00,1753.00,-3922.00,-0.09,-0.06,-9.45,0.05,-0.12,-0.03
2,0,31250,-2191.00,1725.00,-4006.00,-0.09,-0.06,-9.46,0.05,-0.12,-0.03
2,0,44922,-2080.00,1752.00,-4031.00,-0.09,-0.08,-9.48,0.05,-0.12,-0.03
2,0,58594,-2051.00,1741.00,-3928.00,-0.08,-0.06,-9.47,0.05,-0.12,-0.03
2,0,72266,-2182.00,1735.00,-3974.00,-0.08,-0.06,-9.47,0.05,-0.12,-0.03
2,0,85938,-2240.00,1733.00,-4027.00,-0.10,-0.06,-9.47,0.05,-0.12,-0.03
2,0,99610,-2108.00,1749.00,-4032.00,-0.09,-0.06,-9.46,0.05,-0.12,-0.03
2,0,113282,-2288.00,1754.00,-3995.00,-0.08,-0.06,-9.44,0.05,-0.12,-0.03
2,0,126954,-2068.00,1763.00,-3979.00,-0.09,-0.07,-9.44,0.05,-0.12,-0.03
2,0,140625,-2077.00,1774.00,-3926.00,-0.10,-0.06,-9.46,0.05,-0.12,-0.03
2,0,154297,-2183.00,1771.00,-3964.00,-0.10,-0.05,-9.48,0.05,-0.12,-0.03
2,0,167969,-2209.00,1750.00,-3990.00,-0.09,-0.07,-9.45,0.05,-0.12,-0.03
2,0,181641,-2108.00,1742.00,-4059.00,-0.09,-0.07,-9.45,0.05,-0.12,-0.03
2,0,195313,-2072.00,1772.00,-3923.00,-0.09,-0.07,-9.47,0.05,-0.12,-0.03
2,0,208985,-2076.00,1786.00,-3988.00,-0.10,-0.07,-9.49,0.05,-0.12,-0.03
2,0,222657,-2106.00,1762.00,-3943.00,-0.08,-0.06,-9.48,0.05,-0.12,-0.03
2,0,236329,-2184.00,1793.00,-3982.00,-0.08,-0.06,-9.44,0.05,-0.12,-0.03
2,0,250000,-2212.00,1767.00,-4045.00,-0.10,-0.06,-9.45,0.05,-0.12,-0.03
2,0,263672,-2067.00,1790.00,-4004.00,-0.09,-0.07,-9.47,0.05,-0.12,-0.03
2,0,277344,-2065.00,1791.00,-3974.00,-0.10,-0.06,-9.47,0.05,-0.12,-0.03
2,0,291016,-2199.00,1792.00,-3929.00,-0.09,-0.06,-9.45,0.06,-0.12,-0.03
2,0,304688,-2106.00,1788.00,-3903.00,-0.08,-0.07,-9.46,0.05,-0.12,-0.03
2,0,318360,-2227.00,1758.00,-3976.00,-0.08,-0.06,-9.47,0.06,-0.12,-0.03
2,0,333008,-2172.00,1758.00,-3973.00,-0.09,-0.06,-9.47,0.05,-0.12,-0.03
2,0,346680,-2070.00,1773.00,-4000.00,-0.09,-0.07,-9.46,0.05,-0.12,-0.03
2,0,360352,-2081.00,1802.00,-3909.00,-0.10,-0.06,-9.46,0.05,-0.12,-0.03
2,0,374024,-2193.00,1815.00,-3947.00,-0.09,-0.06,-9.46,0.05,-0.12,-0.03
2,0,387696,-2150.00,1762.00,-3867.00,-0.09,-0.06,-9.45,0.05,-0.12,-0.03
2,0,401368,-2234.00,1745.00,-3937.00,-0.10,-0.06,-9.45,0.05,-0.12,-0.03
2,0,415039,-2181.00,1730.00,-4014.00,-0.09,-0.07,-9.47,0.05,-0.12,-0.03
2,0,428711,-2075.00,1769.00,-3950.00,-0.09,-0.07,-9.47,0.05,-0.12,-0.03
2,0,442383,-2102.00,1763.00,-3889.00,-0.08,-0.06,-9.47,0.05,-0.12,-0.03
2,0,456055,-2235.00,1729.00,-3960.00,-0.08,-0.06,-9.48,0.05,-0.12,-0.03
2,0,469727,-2155.00,1752.00,-3916.00,-0.09,-0.07,-9.48,0.05,-0.12,-0.03
2,0,483399,-2256.00,1737.00,-3941.00,-0.09,-0.06,-9.45,0.05,-0.12,-0.03
2,0,497071,-2185.00,1738.00,-3980.00,-0.09,-0.08,-9.45,0.05,-0.12,-0.03
2,0,510743,-2108.00,1789.00,-3943.00,-0.10,-0.06,-9.45,0.05,-0.12,-0.03
2,0,524414,-2140.00,1753.00,-3917.00,-0.09,-0.07,-9.46,0.05,-0.12,-0.03
2,0,538086,-2246.00,1714.00,-3965.00,-0.09,-0.06,-9.45,0.05,-0.12,-0.03
2,0,551758,-2179.00,1739.00,-4021.00,-0.09,-0.06,-9.46,0.05,-0.12,-0.03
2,0,565430,-2239.00,1720.00,-4011.00,-0.08,-0.06,-9.48,0.05,-0.12,-0.03
2,0,579102,-2113.00,1742.00,-3985.00,-0.08,-0.07,-9.48,0.06,-0.12,-0.03
2,0,592774,-2066.00,1746.00,-3907.00,-0.08,-0.07,-9.46,0.06,-0.12,-0.03
2,0,606446,-2133.00,1747.00,-3881.00,-0.09,-0.07,-9.45,0.06,-0.12,-0.03
2,0,620118,-2230.00,1734.00,-3978.00,-0.10,-0.06,-9.46,0.05,-0.12,-0.03
2,0,633789,-2146.00,1750.00,-4007.00,-0.09,-0.06,-9.46,0.06,-0.12,-0.03
2,0,647461,-2076.00,1761.00,-4014.00,-0.09,-0.07,-9.46,0.06,-0.12,-0.03
2,0,661133,-2079.00,1780.00,-3959.00,-0.09,-0.07,-9.46,0.06,-0.12,-0.03
2,0,674805,-2066.00,1753.00,-3929.00,-0.08,-0.06,-9.46,0.06,-0.12,-0.03
2,0,688477,-2177.00,1760.00,-3932.00,-0.09,-0.06,-9.47,0.05,-0.12,-0.03
2,0,702149,-2236.00,1752.00,-4003.00,-0.09,-0.06,-9.46,0.05,-0.12,-0.03
2,0,715821,-2111.00,1772.00,-4025.00,-0.09,-0.07,-9.45,0.05,-0.12,-0.03
2,0,729493,-2021.00,1798.00,-3968.00,-0.10,-0.07,-9.47,0.06,-0.12,-0.03
2,0,743164,-2126.00,1732.00,-3943.00,-0.09,-0.06,-9.47,0.06,-0.12,-0.03
2,0,756836,-2049.00,1799.00,-3966.00,-0.09,-0.08,-9.47,0.05,-0.12,-0.03
2,0,770508,-2191.00,1746.00,-3932.00,-0.09,-0.07,-9.46,0.06,-0.12,-0.03
2,0,784180,-2259.00,1750.00,-3999.00,-0.09,-0.06,-9.47,0.06,-0.12,-0.03
2,0,797852,-2186.00,1725.00,-4023.00,-0.10,-0.06,-9.48,0.06,-0.12,-0.03
2,0,811524,-2081.00,1749.00,-3948.00,-0.09,-0.07,-9.47,0.06,-0.12,-0.03
2,0,825196,-2181.00,1784.00,-3898.00,-0.10,-0.07,-9.46,0.06,-0.12,-0.03
2,0,838868,-2122.00,1776.00,-3929.00,-0.10,-0.07,-9.44,0.06,-0.12,-0.03
2,0,852539,-2193.00,1753.00,-3917.00,-0.08,-0.07,-9.46,0.06,-0.12,-0.03
2,0,866211,-2223.00,1754.00,-4068.00,-0.11,-0.06,-9.46,0.05,-0.12,-0.03
2,0,879883,-2127.00,1743.00,-4035.00,-0.10,-0.08,-9.46,0.06,-0.12,-0.03
2,0,893555,-2093.00,1766.00,-3933.00,-0.09,-0.08,-9.46,0.06,-0.12,-0.03
2,0,907227,-2200.00,1773.00,-3925.00,-0.09,-0.07,-9.47,0.06,-0.12,-0.03
2,0,920899,-2238.00,1741.00,-3967.00,-0.09,-0.07,-9.47,0.06,-0.12,-0.03
2,0,934571,-2214.00,1755.00,-3910.00,-0.09,-0.07,-9.45,0.06,-0.12,-0.03
2,0,948243,-2196.00,1742.00,-4009.00,-0.10,-0.07,-9.44,0.06,-0.12,-0.03
2,0,962891,-2056.00,1766.00,-3967.00,-0.09,-0.07,-9.46,0.06,-0.12,-0.03
2,0,976563,-2080.00,1777.00,-3972.00,-0.10,-0.08,-9.48,0.06,-0.12,-0.03
2,0,990235,-2209.00,1768.00,-3902.00,-0.09,-0.07,-9.46,0.06,-0.12,-0.03
2,0,1003907,-2235.00,1764.00,-3928.00,-0.12,-0.07,-9.47,0.06,-0.12,-0.03
2,0,1017579,-2233.00,1747.00,-3938.00,-3.74,0.10,-9.47,0.06,-0.12,-0.02
2,0,1031250,-2194.00,1761.00,-3952.00,-3.85,0.00,-9.46,0.06,-0.12,-0.03
2,0,1044922,-2056.00,1784.00,-3896.00,9.82,4.48,-9.35,0.10,-0.12,0.43
2,0,1058594,-2109.00,1785.00,-3898.00,8.74,2.73,-9.37,0.06,-0.12,0.88
2,0,1072266,-2260.00,1759.00,-4031.00,7.41,-2.31,-9.45,0.05,-0.12,0.08
2,0,1085938,-2224.00,1682.00,-4373.00,3.50,-2.71,-9.45,0.05,-0.12,-0.33
2,0,1099610,-2226.00,1636.00,-4814.00,-3.15,-2.22,-9.46,0.05,-0.12,-0.40
2,0,1113282,-2164.00,1620.00,-5208.00,-7.90,-1.32,-9.49,0.06,-0.12,-0.18
2,0,1126954,-2003.00,1595.00,-5413.00,-13.84,1.17,-9.57,0.06,-0.12,-0.27
2,0,1140625,-2044.00,1608.00,-5266.00,-24.49,4.33,-9.60,0.06,-0.12,0.46
2,0,1154297,-2222.00,1612.00,-4835.00,-26.44,6.24,-9.59,0.05,-0.12,1.03
2,0,1167969,-2198.00,1677.00,-4159.00,-17.99,3.06,-8.73,0.04,-0.11,2.78
2,0,1181641,-2084.00,1800.00,-3331.00,-8.13,-0.44,-9.75,0.05,-0.17,3.10
2,0,1195313,-2096.00,1794.00,-2495.00,5.58,-5.51,-9.47,0.05,-0.09,3.02
2,0,1208985,-1917.00,1733.00,-2027.00,11.14,-6.08,-9.48,0.05,-0.09,2.81
2,0,1222657,-1998.00,1621.00,-1819.00,17.54,-8.52,-9.36,0.06,-0.10,2.68
2,0,1236329,-2120.00,1514.00,-1703.00,27.04,-11.11,-9.31,0.06,-0.12,1.74
2,0,1250000,-2088.00,1446.00,-1756.00,25.84,-10.49,-9.34,0.06,-0.12,1.02
2,0,1263672,-1989.00,1442.00,-1808.00,27.97,-11.67,-9.21,0.06,-0.13,-0.87
2,0,1277344,-2060.00,1511.00,-2251.00,21.94,-8.77,-9.27,0.07,-0.14,-2.22
2,0,1291016,-2037.00,1579.00,-2781.00,5.07,-1.51,-9.33,0.07,-0.13,-3.92
2,0,1304688,-2162.00,1563.00,-3516.00,-4.86,1.90,-9.28,0.07,-0.14,-3.99
2,0,1318360,-2232.00,1510.00,-4675.00,-10.12,5.29,-9.57,0.09,-0.23,-3.70
2,0,1332032,-2083.00,1495.00,-5912.00,-18.50,7.20,-9.65,0.07,-0.13,-2.67
2,0,1345704,-1930.00,1526.00,-6966.00,-19.33,7.67,-9.68,0.06,-0.13,-2.04
2,0,1359375,-1920.00,1527.00,-7466.00,-22.01,6.49,-9.68,0.06,-0.12,-0.90
2,0,1373047,-2013.00,1564.00,-7186.00,-19.37,7.30,-9.59,0.05,-0.12,-0.37
2,0,1386719,-2026.00,1542.00,-6146.00,-22.18,5.37,-9.57,0.03,-0.12,1.09
2,0,1400391,-2157.00,1565.00,-5032.00,-17.98,2.83,-9.58,0.03,-0.12,2.06
2,0,1414063,-2118.00,1650.00,-4041.00,-7.62,-1.47,-9.44,0.03,-0.11,3.00
2,0,1427735,-2079.00,1723.00,-3131.00,-0.03,-4.77,-9.42,0.03,-0.10,3.24
2,0,1441407,-2139.00,1747.00,-2499.00,4.98,-6.73,-9.25,0.03,-0.10,3.11
2,0,1455079,-2182.00,1723.00,-2256.00,20.60,-11.10,-9.41,0.05,-0.10,2.29
2,0,1468750,-2122.00,1654.00,-1988.00,26.57,-12.48,-9.39,0.05,-0.11,1.60
2,0,1482422,-2156.00,1643.00,-2132.00,27.46,-12.56,-9.27,0.05,-0.13,-0.16
2,0,1496094,-2024.00,1641.00,-2350.00,29.42,-11.46,-9.26,0.06,-0.14,-1.17
2,0,1509766,-2041.00,1692.00,-2709.00,12.27,-4.85,-9.66,0.07,-0.14,-3.64
2,0,1523438,-2168.00,1676.00,-3397.00,-1.31,0.17,-8.93,0.07,-0.14,-4.16
2,0,1537110,-2211.00,1609.00,-4415.00,-9.10,1.78,-9.53,0.08,-0.12,-3.85
2,0,1550782,-2050.00,1573.00,-5432.00,-28.84,8.04,-9.65,0.07,-0.12,-2.93
2,0,1564454,-2071.00,1553.00,-6180.00,-34.31,10.12,-9.74,0.06,-0.12,-2.00
2,0,1578125,-1944.00,1600.00,-5807.00,-32.61,10.40,-9.82,0.05,-0.11,0.14
2,0,1592774,-1991.00,1635.00,-4858.00,-26.11,7.99,-9.72,0.04,-0.12,1.33
2,0,1606446,-2177.00,1638.00,-3836.00,-9.14,0.75,-9.54,0.03,-0.11,3.19
2,0,1620118,-2234.00,1755.00,-3135.00,-1.04,-2.97,-9.58,0.03,-0.11,3.46
2,0,1633789,-2077.00,1771.00,-2357.00,13.29,-8.33,-9.35,0.04,-0.10,3.33
2,0,1647461,-2093.00,1729.00,-2116.00,20.23,-10.46,-9.28,0.05,-0.10,2.90
2,0,1661133,-1967.00,1663.00,-2000.00,25.65,-10.12,-9.31,0.05,-0.10,2.05
2,0,1674805,-1965.00,1642.00,-1938.00,22.66,-11.29,-9.35,0.05,-0.13,0.37
2,0,1688477,-2114.00,1633.00,-2078.00,29.64,-11.50,-9.31,0.06,-0.13,-0.38
2,0,1702149,-2176.00,1689.00,-2502.00,18.29,-8.39,-9.41,0.07,-0.14,-2.81
2,0,1715821,-2096.00,1711.00,-3146.00,6.88,-3.67,-9.35,0.08,-0.14,-3.63
2,0,1729493,-2184.00,1600.00,-4609.00,-11.95,3.62,-9.40,0.08,-0.14,-3.53
2,0,1743164,-1974.00,1561.00,-5748.00,-22.28,6.71,-9.52,0.07,-0.12,-3.19
2,0,1756836,-1960.00,1555.00,-6533.00,-35.13,9.84,-9.71,0.06,-0.11,-1.25
2,0,1770508,-2049.00,1515.00,-6716.00,-23.30,7.89,-9.72,0.06,-0.11,-0.14
2,0,1784180,-2037.00,1520.00,-6066.00,-33.35,9.48,-9.88,0.05,-0.11,0.77
2,0,1797852,-2014.00,1565.00,-4926.00,-19.67,4.34,-9.67,0.03,-0.11,2.84
2,0,1811524,-2077.00,1622.00,-3835.00,-12.62,1.27,-9.55,0.03,-0.11,3.41
2,0,1825196,-2045.00,1727.00,-2690.00,-2.39,-3.74,-9.04,0.04,-0.11,4.02
2,0,1838868,-2054.00,1725.00,-2148.00,8.35,-8.30,-9.36,0.04,-0.09,3.95
2,0,1852539,-2100.00,1598.00,-1885.00,25.82,-14.19,-9.23,0.05,-0.10,3.15
2,0,1866211,-2037.00,1542.00,-1809.00,28.93,-13.27,-9.24,0.05,-0.10,2.06
2,0,1879883,-1923.00,1471.00,-1764.00,28.35,-11.62,-9.40,0.06,-0.11,1.17
2,0,1893555,-1972.00,1504.00,-1882.00,32.99,-12.91,-9.40,0.05,-0.13,-0.98
2,0,1907227,-2137.00,1595.00,-2411.00,25.76,-11.75,-9.47,0.05,-0.14,-2.64
2,0,1920899,-2157.00,1657.00,-3044.00,4.06,-3.86,-9.17,0.08,-0.16,-4.51
2,0,1934571,-2273.00,1606.00,-4130.00,-6.27,0.84,-9.31,0.07,-0.14,-4.62
2,0,1948243,-2113.00,1525.00,-5397.00,-23.93,6.84,-9.53,0.07,-0.12,-3.51
2,0,1961914,-1925.00,1450.00,-6552.00,-30.89,8.96,-9.56,0.06,-0.11,-2.89
2,0,1975586,-1941.00,1446.00,-7011.00,-26.27,7.20,-9.67,0.06,-0.12,-1.95
2,0,1989258,-2041.00,1457.00,-6770.00,-30.54,9.40,-9.82,0.05,-0.11,-0.05
2,0,2002930,-2047.00,1523.00,-5237.00,-26.39,6.12,-9.67,0.04,-0.11,1.10
2,0,2016602,-2235.00,1606.00,-4201.00,-12.82,0.39,-9.57,0.03,-0.11,2.51
2,0,2030274,-2180.00,1746.00,-3344.00,-7.47,-2.49,-9.29,0.03,-0.11,2.78
2,0,2043946,-2071.00,1835.00,-2693.00,2.63,-5.71,-9.50,0.04,-0.11,2.93
2,0,2057618,-2061.00,1796.00,-2223.00,13.81,-8.61,-9.29,0.05,-0.10,2.86
2,0,2071289,-2108.00,1708.00,-1944.00,28.41,-10.56,-9.28,0.05,-0.11,1.73
2,0,2084961,-2004.00,1681.00,-1962.00,30.84,-8.79,-9.38,0.06,-0.12,0.75
2,0,2098633,-2129.00,1701.00,-2034.00,27.42,-10.75,-9.34,0.05,-0.13,-0.05
2,0,2112305,-1985.00,1747.00,-2327.00,25.76,-9.20,-9.33,0.06,-0.14,-2.25
2,0,2125977,-2018.00,1798.00,-2807.00,14.70,-6.46,-9.32,0.06,-0.14,-3.42
2,0,2139649,-2185.00,1744.00,-3526.00,-6.79,0.89,-9.43,0.07,-0.14,-3.67
2,0,2153321,-2228.00,1649.00,-4548.00,-14.81,1.67,-9.57,0.07,-0.13,-3.28
2,0,2166993,-2104.00,1588.00,-5526.00,-29.85,8.26,-9.69,0.06,-0.12,-2.11
2,0,2180664,-1936.00,1563.00,-6116.00,-30.15,7.15,-9.74,0.06,-0.12,-1.00
2,0,2194336,-1951.00,1581.00,-5955.00,-19.60,3.77,-9.72,0.06,-0.12,-0.19
2,0,2208008,-1981.00,1593.00,-5177.00,-21.98,2.92,-9.63,0.04,-0.12,1.26
2,0,2221680,-2175.00,1647.00,-4324.00,-18.98,1.55,-9.59,0.04,-0.12,2.00
2,0,2235352,-2264.00,1743.00,-3581.00,-9.85,-3.00,-9.53,0.04,-0.12,2.50
2,0,2249024,-2114.00,1779.00,-2903.00,-5.15,-3.30,-9.39,0.04,-0.10,2.57
2,0,2262696,-1981.00,1742.00,-2303.00,12.21,-6.22,-9.43,0.06,-0.10,2.83
2,0,2276368,-2072.00,1658.00,-1960.00,17.90,-5.53,-9.41,0.06,-0.11,2.39
2,0,2290039,-1965.00,1497.00,-1715.00,29.25,-6.74,-9.29,0.06,-0.11,1.42
2,0,2303711,-2119.00,1459.00,-1731.00,28.36,-5.22,-9.27,0.05,-0.12,0.59
2,0,2317383,-2131.00,1485.00,-1927.00,35.97,-8.74,-9.03,0.05,-0.14,-0.21
2,0,2331055,-2022.00,1601.00,-2240.00,25.65,-7.64,-9.17,0.05,-0.14,-3.12
2,0,2344727,-2044.00,1703.00,-2647.00,15.16,-3.37,-9.30,0.05,-0.13,-4.31
2,0,2358399,-2191.00,1746.00,-3426.00,-4.59,1.89,-9.50,0.06,-0.14,-4.33
2,0,2372071,-2057.00,1660.00,-5129.00,-14.15,1.86,-9.62,0.06,-0.12,-3.77
2,0,2385743,-2104.00,1594.00,-6278.00,-29.55,4.47,-9.79,0.06,-0.13,-2.34
2,0,2399414,-2007.00,1539.00,-6935.00,-34.02,4.16,-9.74,0.06,-0.13,-1.27
2,0,2413086,-1879.00,1513.00,-6804.00,-33.22,2.93,-9.60,0.05,-0.12,-0.32
2,0,2426758,-1921.00,1569.00,-5906.00,-30.75,-0.22,-9.58,0.04,-0.12,0.95
2,0,2440430,-2196.00,1669.00,-4880.00,-22.88,-3.32,-9.55,0.03,-0.12,1.61
2,0,2454102,-2316.00,1824.00,-3992.00,-9.41,-6.23,-9.59,0.04,-0.11,2.09
2,0,2467774,-2253.00,2024.00,-2806.00,-1.69,-7.72,-9.60,0.04,-0.10,2.16
2,0,2481446,-2141.00,1940.00,-2379.00,7.38,-5.28,-9.46,0.06,-0.11,1.96
2,0,2495118,-1976.00,1846.00,-2044.00,13.18,-3.92,-9.42,0.06,-0.10,1.88
2,0,2508789,-1974.00,1664.00,-1792.00,22.76,-1.24,-9.33,0.07,-0.11,1.53
2,0,2523438,-2085.00,1580.00,-1712.00,29.96,0.18,-9.20,0.07,-0.14,0.49
2,0,2537110,-2068.00,1512.00,-1783.00,26.53,-0.19,-9.64,0.07,-0.15,0.08
2,0,2551758,-2082.00,1604.00,-1988.00,30.83,-3.28,-7.65,0.03,-0.24,-1.89
2,0,2565430,-2056.00,1709.00,-2358.00,20.40,-0.09,-10.07,0.08,0.06,-2.64
2,0,2579102,-1998.00,1801.00,-2868.00,8.62,0.74,-9.39,0.06,-0.14,-3.33
2,0,2592774,-2133.00,1862.00,-3601.00,0.49,2.54,-9.43,0.05,-0.14,-3.36
2,0,2606446,-2250.00,1795.00,-4580.00,-11.30,2.16,-9.39,0.05,-0.13,-2.78
2,0,2620118,-2129.00,1694.00,-6234.00,-15.51,-1.18,-9.48,0.05,-0.12,-2.45
2,0,2633789,-1957.00,1566.00,-7221.00,-29.95,-3.00,-9.81,0.05,-0.12,-1.63
2,0,2647461,-1800.00,1538.00,-7675.00,-34.86,-4.24,-9.83,0.05,-0.12,-0.70
2,0,2661133,-1762.00,1584.00,-7222.00,-30.52,0.51,-9.89,0.06,-0.12,0.03
2,0,2674805,-1946.00,1615.00,-6055.00,-32.97,-1.53,-9.51,0.04,-0.12,2.16
2,0,2688477,-2220.00,1758.00,-4764.00,-24.78,-6.02,-9.78,0.03,-0.12,3.05
2,0,2702149,-2275.00,1945.00,-3693.00,-8.80,-8.83,-9.62,0.04,-0.11,3.77
2,0,2715821,-2209.00,2013.00,-2487.00,1.79,-9.16,-9.41,0.05,-0.11,3.84
2,0,2729493,-1979.00,1844.00,-2113.00,15.48,-4.61,-9.36,0.08,-0.10,3.25
____RECORD END_____
SKATEBOARD TRICK RECORDER 3000
Number of Recorded Data Points: 2
Enter:(1)Record | (2)Exit
1
Recording complete!
Enter:(1)Save as Ollie | (2)Save as 'not ollie' | (3)Delete
2
___RECORD START____
3,0,10742,-1227.00,2826.00,-4912.00,0.52,0.41,9.90,0.05,-0.08,-0.07
3,0,24414,-1146.00,2828.00,-4879.00,0.64,0.50,10.03,0.06,-0.13,-0.03
3,0,38086,-1051.00,2799.00,-4923.00,0.58,0.45,9.98,0.05,-0.13,-0.01
3,0,51758,-1130.00,2807.00,-4984.00,0.46,0.40,9.88,0.06,-0.11,0.00
3,0,65430,-1243.00,2857.00,-4944.00,0.37,0.35,10.00,0.08,-0.09,-0.00
3,0,79101,-1160.00,2839.00,-4963.00,0.18,0.41,10.22,0.09,-0.10,-0.02
3,0,92773,-1236.00,2868.00,-4950.00,0.22,0.45,10.31,0.10,-0.10,-0.03
3,0,106445,-1138.00,2839.00,-4861.00,0.27,0.45,10.43,0.09,-0.11,-0.03
3,0,121094,-1048.00,2786.00,-4938.00,0.37,0.45,10.32,0.05,-0.12,-0.04
3,0,134765,-1160.00,2781.00,-5014.00,0.44,0.45,10.26,0.04,-0.11,-0.04
3,0,148437,-1240.00,2836.00,-4934.00,0.41,0.42,10.23,0.05,-0.12,-0.02
3,0,162109,-1203.00,2830.00,-4960.00,0.39,0.43,10.28,0.05,-0.14,-0.01
3,0,175781,-1218.00,2864.00,-4919.00,0.36,0.46,10.21,0.04,-0.14,-0.01
3,0,189453,-1078.00,2807.00,-4882.00,0.42,0.46,10.20,0.04,-0.14,-0.01
3,0,203125,-1031.00,2775.00,-4907.00,0.47,0.44,9.99,0.03,-0.12,-0.01
3,0,216797,-1153.00,2806.00,-4969.00,0.47,0.45,9.98,0.04,-0.12,-0.01
3,0,230469,-1226.00,2867.00,-4884.00,0.43,0.39,10.12,0.05,-0.12,-0.01
3,0,244140,-1145.00,2831.00,-4869.00,0.44,0.42,10.01,0.04,-0.14,-0.02
3,0,257812,-1216.00,2845.00,-4862.00,0.38,0.36,9.94,0.04,-0.10,-0.03
3,0,271484,-1119.00,2802.00,-4891.00,0.47,0.39,10.13,0.06,-0.11,-0.03
3,0,285156,-1068.00,2790.00,-4973.00,0.47,0.44,10.09,0.06,-0.14,-0.02
3,0,298828,-1177.00,2805.00,-5030.00,0.37,0.43,10.08,0.06,-0.12,-0.01
3,0,312500,-1257.00,2832.00,-4924.00,0.37,0.39,10.09,0.06,-0.11,-0.02
3,0,326172,-1124.00,2846.00,-4894.00,0.34,0.41,10.12,0.06,-0.11,-0.02
3,0,339844,-1053.00,3059.00,-4900.00,0.27,0.41,10.13,0.07,-0.12,-0.02
3,0,353515,-1061.00,2825.00,-4863.00,0.26,0.43,10.19,0.07,-0.13,-0.03
3,0,367187,-1068.00,2797.00,-4967.00,0.41,0.49,10.23,0.06,-0.12,-0.03
3,0,380859,-1192.00,2830.00,-4949.00,0.48,0.51,10.26,0.05,-0.13,-0.03
3,0,394531,-1222.00,2862.00,-4876.00,0.41,0.47,10.06,0.03,-0.12,-0.01
3,0,408203,-1125.00,2826.00,-4919.00,0.39,0.45,10.05,0.05,-0.11,-0.01
3,0,421875,-1058.00,2801.00,-4994.00,0.35,0.44,10.20,0.06,-0.13,-0.02
3,0,435547,-1159.00,2811.00,-4947.00,0.34,0.45,10.19,0.06,-0.13,-0.02
3,0,449219,-1089.00,2801.00,-4964.00,0.35,0.44,10.19,0.05,-0.12,-0.02
3,0,462890,-1235.00,2821.00,-4989.00,0.55,0.42,10.18,0.04,-0.11,-0.03
3,0,476562,-1215.00,2842.00,-4921.00,0.57,0.41,10.07,0.03,-0.10,-0.02
3,0,490234,-1078.00,2854.00,-4923.00,0.44,0.37,10.01,0.05,-0.12,-0.00
3,0,503906,-1078.00,2784.00,-5009.00,0.32,0.39,10.12,0.06,-0.13,0.00
3,0,517578,-1167.00,2832.00,-4990.00,0.28,0.38,10.24,0.06,-0.13,-0.02
3,0,531250,-1088.00,2802.00,-5029.00,0.34,0.39,10.15,0.05,-0.12,-0.04
3,0,544922,-1226.00,2816.00,-4952.00,0.39,0.39,10.13,0.05,-0.11,-0.04
3,0,558594,-1169.00,2826.00,-4904.00,0.38,0.40,10.13,0.06,-0.12,-0.03
3,0,573242,-1035.00,2832.00,-4899.00,0.41,0.42,10.09,0.06,-0.12,-0.03
3,0,586914,-1089.00,2773.00,-5002.00,0.42,0.43,10.12,0.06,-0.11,-0.03
3,0,600586,-1192.00,2837.00,-4984.00,0.43,0.44,10.09,0.05,-0.10,-0.04
3,0,614258,-1094.00,2777.00,-5029.00,0.57,0.47,10.14,0.03,-0.09,-0.04
3,0,627930,-1216.00,2811.00,-4951.00,0.56,0.49,10.02,0.01,-0.10,-0.03
3,0,641601,-1142.00,2831.00,-4902.00,0.21,0.45,10.15,0.03,-0.09,-0.01
3,0,655273,-1057.00,2769.00,-4905.00,0.19,0.47,10.15,0.03,-0.05,-0.03
3,0,668945,-1076.00,2758.00,-4984.00,0.22,0.45,10.19,0.00,0.09,-0.08
3,0,682617,-1182.00,2836.00,-4975.00,0.39,0.37,10.24,-0.06,0.10,-0.09
3,0,696289,-1163.00,2604.00,-4923.00,0.46,0.38,10.19,-0.05,-0.01,-0.08
3,0,709961,-1205.00,2848.00,-4881.00,0.11,0.40,10.03,-0.13,-0.00,-0.07
3,0,723633,-1114.00,2843.00,-4862.00,0.33,0.32,9.96,-0.05,-0.01,-0.07
3,0,737305,-1003.00,2783.00,-4849.00,0.40,0.34,10.08,0.03,-0.10,-0.04
3,0,750976,-1078.00,2793.00,-4954.00,0.35,0.32,10.12,0.07,-0.12,-0.03
3,0,764648,-1184.00,2870.00,-4912.00,0.26,0.32,10.08,0.08,-0.11,-0.01
3,0,778320,-1150.00,2825.00,-4851.00,0.23,0.31,10.17,0.10,-0.10,-0.02
3,0,791992,-1270.00,2882.00,-4850.00,0.25,0.33,10.34,0.08,-0.06,-0.03
3,0,805664,-1099.00,2835.00,-4853.00,0.15,0.34,10.37,0.05,-0.04,-0.05
3,0,819336,-988.00,2826.00,-4866.00,0.09,0.31,10.40,0.04,-0.04,-0.05
3,0,833008,-1091.00,2815.00,-4933.00,0.14,0.38,10.29,0.04,-0.06,-0.06
3,0,846680,-1221.00,2850.00,-4838.00,0.15,0.39,10.25,0.05,-0.06,-0.06
3,0,860351,-1126.00,2865.00,-4857.00,0.33,0.36,10.23,0.04,-0.07,-0.07
3,0,874023,-1011.00,2823.00,-4897.00,0.44,0.39,10.08,0.03,-0.08,-0.06
3,0,887695,-1058.00,2852.00,-4906.00,0.35,0.28,9.93,0.03,-0.06,-0.05
3,0,902344,-1010.00,2849.00,-4923.00,0.27,0.29,9.84,0.05,-0.08,-0.03
3,0,916015,-1152.00,2845.00,-4950.00,0.25,0.34,10.17,0.08,-0.09,-0.02
3,0,929687,-1195.00,2880.00,-4897.00,0.14,0.41,10.24,0.09,-0.05,-0.01
3,0,943359,-1137.00,2833.00,-4871.00,0.04,0.38,10.29,0.07,-0.02,-0.02
3,0,957031,-992.00,2789.00,-4925.00,0.05,0.36,10.07,0.04,-0.10,-0.03
3,0,970703,-1047.00,2829.00,-4862.00,0.11,0.35,10.17,0.06,-0.16,-0.02
3,0,984375,-1008.00,2810.00,-4936.00,0.15,0.31,10.07,0.07,-0.24,0.00
3,0,998047,-1109.00,2828.00,-4972.00,0.13,0.31,10.01,0.08,-0.24,0.00
3,0,1011719,-1185.00,2897.00,-4873.00,0.39,0.38,10.30,0.09,-0.22,-0.01
3,0,1025390,-1060.00,2866.00,-4842.00,0.57,0.31,10.24,0.06,-0.25,-0.01
3,0,1039062,-1044.00,2803.00,-4926.00,0.89,0.17,9.93,0.03,-0.45,0.03
3,0,1052734,-1163.00,2806.00,-4960.00,1.66,-0.18,9.93,0.06,-1.47,0.22
3,0,1066406,-1180.00,2776.00,-5178.00,2.28,-0.93,10.87,0.03,-2.54,0.34
3,0,1080078,-1513.00,2839.00,-5375.00,3.05,-0.11,10.12,-0.50,-6.04,0.63
3,0,1093750,-1793.00,2877.00,-5461.00,3.29,0.69,9.92,-0.70,-7.43,0.58
3,0,1107422,-2046.00,2857.00,-5552.00,1.91,1.08,10.88,-0.44,-8.46,-0.00
3,0,1121094,-2356.00,2887.00,-5823.00,2.72,0.55,10.26,-0.14,-7.80,-0.23
3,0,1134765,-2731.00,2914.00,-5995.00,4.20,0.28,8.63,-0.06,-6.48,-0.40
3,0,1148437,-2929.00,2954.00,-6011.00,5.61,-0.33,8.20,-0.45,-2.19,-0.43
3,0,1162109,-2875.00,3013.00,-5916.00,4.56,-1.06,7.77,-0.78,0.50,-0.26
3,0,1175781,-2647.00,3099.00,-5684.00,1.41,0.64,4.37,-1.20,6.76,0.46
3,0,1189453,-2117.00,3040.00,-5481.00,-0.50,0.34,7.90,-0.32,9.20,0.62
3,0,1203125,-1624.00,2977.00,-5352.00,-0.33,0.88,15.56,0.92,11.48,0.54
3,0,1216797,-1307.00,2902.00,-4978.00,-0.02,1.23,16.96,0.62,11.80,0.40
3,0,1230469,-993.00,2921.00,-4476.00,-0.20,2.43,12.82,0.18,11.66,0.07
3,0,1244140,-621.00,2949.00,-3926.00,-1.34,2.16,10.59,0.65,10.56,-1.30
3,0,1257812,-438.00,2975.00,-3564.00,-2.42,1.79,9.11,1.13,9.96,-1.89
3,0,1271484,-199.00,3013.00,-3272.00,-3.78,-3.36,6.73,1.91,7.81,-2.56
3,0,1285156,-171.00,3071.00,-3122.00,-2.91,-4.43,6.78,1.54,5.34,-1.98
3,0,1298828,-338.00,3129.00,-3084.00,-2.53,-3.41,7.65,0.46,0.49,-0.32
3,0,1312500,-378.00,3130.00,-3146.00,-1.49,-4.35,8.31,-0.16,-1.73,0.35
3,0,1326172,-269.00,3064.00,-3355.00,-1.23,-1.73,10.52,-1.15,-7.62,1.34
3,0,1339844,-556.00,3037.00,-3924.00,-1.70,0.07,11.53,-3.36,-10.65,1.45
3,0,1353515,-669.00,3080.00,-4376.00,-1.80,1.56,11.04,-3.86,-12.90,1.22
3,0,1367187,-1053.00,3126.00,-4875.00,-1.70,-0.14,9.92,-2.36,-13.78,0.22
3,0,1380859,-1587.00,3217.00,-5200.00,-0.65,-0.66,11.18,-0.84,-13.11,-0.41
3,0,1394531,-2009.00,3254.00,-5337.00,2.51,-0.27,11.94,0.98,-10.87,-1.43
3,0,1408203,-2313.00,3198.00,-5536.00,4.73,-0.04,11.10,1.08,-9.26,-1.48
3,0,1421875,-2695.00,3218.00,-5631.00,6.69,0.14,9.41,0.57,-6.05,-1.05
3,0,1435547,-3020.00,3225.00,-5771.00,6.08,-0.07,9.01,0.18,-4.54,-0.73
3,0,1449219,-3161.00,3253.00,-5865.00,5.40,-0.62,6.34,-0.03,-3.03,-0.47
3,0,1462890,-3247.00,3283.00,-5817.00,4.04,-0.81,5.16,-0.12,0.06,-0.17
3,0,1476562,-3106.00,3299.00,-5666.00,3.95,-0.78,5.66,0.30,1.97,0.04
3,0,1490234,-2809.00,3212.00,-5678.00,3.83,0.39,6.79,0.92,6.57,0.73
3,0,1503906,-2456.00,3137.00,-5635.00,3.82,0.73,9.48,1.22,8.67,1.21
3,0,1517578,-1559.00,2995.00,-5282.00,2.55,1.06,14.51,1.32,10.68,1.64
3,0,1531250,-1397.00,2887.00,-4999.00,0.87,0.72,15.56,1.10,10.43,1.35
3,0,1544922,-1189.00,2916.00,-4688.00,-0.99,1.00,12.50,0.71,9.77,-0.05
3,0,1558594,-853.00,2933.00,-4368.00,-1.52,0.73,10.69,-0.07,8.51,-0.67
3,0,1572265,-547.00,2908.00,-4136.00,-1.95,0.26,8.98,0.05,7.92,-1.15
3,0,1585937,-510.00,2952.00,-3935.00,-0.28,-4.33,5.32,0.11,4.52,-1.17
3,0,1599609,-643.00,3017.00,-3863.00,0.19,-3.96,5.52,-0.08,1.42,-0.69
3,0,1613281,-616.00,3052.00,-4121.00,-0.58,-2.35,8.57,-0.97,-4.54,-0.05
3,0,1626953,-862.00,3087.00,-4372.00,0.23,-1.42,10.25,-1.42,-7.22,-0.00
3,0,1640625,-1049.00,3123.00,-4639.00,0.38,-0.64,11.67,-2.05,-11.38,-0.55
3,0,1654297,-1339.00,3182.00,-5006.00,0.66,-0.34,11.61,-1.66,-12.35,-1.05
3,0,1667969,-1839.00,3285.00,-5361.00,-0.25,-0.75,10.99,-0.77,-12.05,-1.51
3,0,1681640,-2342.00,3321.00,-5455.00,2.56,-0.88,10.46,0.66,-9.18,-2.01
3,0,1695312,-2634.00,3338.00,-5418.00,5.02,-0.47,10.39,0.44,-7.21,-1.88
3,0,1708984,-2913.00,3401.00,-5568.00,7.00,-0.00,9.28,-0.27,-3.56,-1.05
3,0,1722656,-2939.00,3389.00,-5577.00,6.42,-0.18,8.23,-0.32,-1.94,-0.66
3,0,1736328,-2912.00,3379.00,-5649.00,5.66,-0.55,8.12,0.21,1.07,-0.02
3,0,1750000,-2879.00,3397.00,-5651.00,4.73,-0.85,9.34,0.35,2.51,0.38
3,0,1763672,-2692.00,3403.00,-5491.00,3.90,0.38,9.01,0.33,4.43,0.97
3,0,1777344,-2338.00,3347.00,-5251.00,3.44,0.54,9.79,0.44,8.53,1.95
3,0,1791015,-1862.00,3235.00,-4998.00,3.01,0.40,11.48,0.71,9.51,2.08
3,0,1804687,-1319.00,3137.00,-4706.00,0.93,0.30,12.92,0.61,9.87,1.79
3,0,1818359,-947.00,3038.00,-4471.00,0.22,0.20,12.35,0.39,9.59,1.45
3,0,1833008,-834.00,3013.00,-4190.00,-1.61,-0.17,9.89,0.29,8.63,0.43
3,0,1846680,-733.00,3031.00,-3859.00,-2.46,-1.80,7.79,0.28,7.76,-0.05
3,0,1861328,-491.00,3021.00,-3672.00,-1.21,-3.49,4.86,0.05,3.12,-0.39
3,0,1875000,-564.00,3057.00,-3702.00,-0.91,-3.30,5.35,-0.04,0.49,-0.26
3,0,1888672,-459.00,3043.00,-3843.00,-0.14,-2.19,7.24,-0.24,-3.95,-0.06
3,0,1902344,-554.00,3019.00,-4106.00,-0.46,-1.70,10.16,-0.20,-6.26,-0.14
3,0,1916015,-881.00,3107.00,-4397.00,-0.56,-0.98,12.59,-0.48,-8.27,-0.35
3,0,1929687,-1195.00,3188.00,-4712.00,-0.66,-0.97,12.46,-1.23,-10.51,-0.91
3,0,1943359,-1377.00,3252.00,-4877.00,-0.50,-1.18,11.93,-0.87,-10.35,-1.19
3,0,1957031,-1956.00,3337.00,-5201.00,1.69,-1.15,11.46,0.13,-9.07,-1.78
3,0,1970703,-2230.00,3358.00,-5368.00,3.29,-0.59,10.62,0.36,-8.13,-1.85
3,0,1984375,-2503.00,3361.00,-5592.00,5.99,-0.35,9.57,0.46,-6.00,-1.43
3,0,1998047,-2814.00,3371.00,-5645.00,6.80,-0.44,8.83,0.48,-4.75,-1.06
3,0,2011719,-2951.00,3401.00,-5504.00,5.29,-0.75,6.68,0.29,-3.26,-0.10
3,0,2025390,-2879.00,3352.00,-5533.00,4.40,-0.37,4.97,0.36,0.98,0.39
3,0,2039062,-2669.00,3319.00,-5597.00,3.34,-0.22,4.88,0.89,3.93,0.86
3,0,2052734,-2142.00,3185.00,-5382.00,1.59,0.12,9.21,2.02,7.72,1.08
3,0,2066406,-1826.00,3053.00,-5377.00,0.90,0.15,13.18,2.28,8.34,0.99
3,0,2080078,-1572.00,3035.00,-5054.00,1.46,1.01,16.60,1.15,9.39,0.82
3,0,2093750,-1232.00,3002.00,-4640.00,2.01,2.23,15.18,0.51,9.91,0.51
3,0,2107422,-805.00,2940.00,-4344.00,-0.71,2.01,10.75,0.22,10.33,-0.41
3,0,2121094,-556.00,2952.00,-4015.00,-2.43,0.51,9.54,0.53,9.48,-0.90
3,0,2134765,-499.00,2981.00,-3609.00,-3.72,-1.54,7.89,0.66,8.13,-1.18
3,0,2148437,-322.00,2976.00,-3483.00,-1.82,-3.11,6.21,0.28,4.04,-0.65
3,0,2162109,-421.00,3004.00,-3448.00,-1.11,-2.09,6.09,0.07,1.87,-0.26
3,0,2175781,-363.00,3013.00,-3564.00,-0.14,-3.15,6.91,-0.44,-2.74,0.59
3,0,2189453,-291.00,2952.00,-3778.00,-1.06,-2.37,8.39,-1.00,-5.80,0.87
3,0,2203125,-488.00,2975.00,-4176.00,-1.68,0.03,10.65,-1.90,-10.96,0.65
3,0,2216797,-926.00,3028.00,-4603.00,-2.25,0.17,11.78,-1.96,-12.24,0.24
3,0,2230469,-1521.00,3121.00,-5128.00,-2.63,-0.73,13.72,-1.55,-12.55,-0.36
3,0,2244140,-1899.00,3186.00,-5343.00,-1.39,-0.83,14.42,-0.59,-10.97,-1.66
3,0,2257812,-2253.00,3263.00,-5400.00,1.32,-0.59,13.97,-0.45,-9.71,-2.06
3,0,2271484,-2485.00,3281.00,-5475.00,6.90,0.00,9.91,-0.31,-5.88,-1.84
3,0,2285156,-2747.00,3305.00,-5644.00,8.23,-0.14,7.49,-0.57,-4.01,-1.26
3,0,2298828,-2893.00,3349.00,-5556.00,5.93,-0.17,4.10,-0.55,-0.40,-0.20
3,0,2312500,-2855.00,3366.00,-5456.00,4.36,-0.28,4.14,0.08,1.29,0.20
3,0,2326172,-2662.00,3298.00,-5456.00,2.57,0.09,6.90,0.81,5.09,0.79
3,0,2339844,-2282.00,3217.00,-5291.00,1.90,0.72,8.41,1.69,6.89,0.98
3,0,2353515,-1853.00,3078.00,-5180.00,1.45,0.66,11.15,1.99,8.44,1.13
3,0,2367187,-1491.00,2958.00,-4937.00,2.61,1.36,14.55,1.55,10.25,1.14
3,0,2380859,-1236.00,2914.00,-4555.00,3.28,2.23,14.40,1.27,10.98,1.02
3,0,2394531,-832.00,2875.00,-4113.00,-0.30,3.25,12.69,1.03,11.90,0.11
3,0,2408203,-434.00,2833.00,-3737.00,-4.06,2.32,11.24,1.18,11.59,-0.71
3,0,2421875,-284.00,2930.00,-3215.00,-5.45,-2.76,7.16,1.34,8.79,-2.06
3,0,2435547,-154.00,2950.00,-2953.00,-2.79,-5.19,5.29,0.51,6.07,-1.98
3,0,2449219,-248.00,3014.00,-2920.00,-1.50,-4.03,5.46,-0.25,2.97,-1.30
3,0,2462890,-372.00,3052.00,-3001.00,-1.48,-3.22,7.21,-0.98,-2.47,0.25
3,0,2476562,-292.00,3037.00,-3293.00,-2.31,-2.09,9.32,-1.65,-5.63,0.75
3,0,2490234,-279.00,3027.00,-3648.00,-2.89,-0.30,10.16,-3.27,-11.48,0.77
3,0,2503906,-577.00,3065.00,-4258.00,-4.04,0.33,9.61,-3.41,-12.87,0.53
3,0,2517578,-959.00,3160.00,-4678.00,-2.97,-0.04,10.96,-1.16,-11.65,-0.34
3,0,2531250,-1409.00,3205.00,-5074.00,-1.04,-0.66,12.34,-0.08,-10.65,-0.69
3,0,2544922,-1781.00,3237.00,-5217.00,4.17,-0.94,12.05,0.47,-9.72,-1.03
3,0,2558594,-2011.00,3234.00,-5347.00,6.00,-0.94,10.70,0.50,-7.12,-0.99
3,0,2572265,-2153.00,3228.00,-5427.00,6.68,-0.55,8.63,0.00,-4.87,-0.69
3,0,2585937,-2295.00,3291.00,-5503.00,4.28,-0.15,4.73,-0.46,-0.19,0.40
3,0,2599609,-2266.00,3220.00,-5451.00,2.56,-0.36,5.03,0.36,1.55,0.78
3,0,2613281,-1961.00,3173.00,-5384.00,-0.59,-0.81,10.48,2.20,4.30,0.89
3,0,2626953,-1764.00,3090.00,-5170.00,-0.98,-0.65,11.69,2.32,5.64,0.77
3,0,2640625,-1373.00,2976.00,-4936.00,-0.15,-0.14,14.25,2.22,7.38,0.42
3,0,2654297,-1066.00,2857.00,-4789.00,0.60,0.60,15.63,2.03,7.90,0.28
3,0,2667969,-888.00,2854.00,-4491.00,1.42,1.70,15.38,1.35,8.57,0.19
3,0,2681640,-732.00,2846.00,-4079.00,-1.66,1.53,11.89,0.49,9.42,-0.22
3,0,2695312,-444.00,2845.00,-3671.00,-3.29,0.51,10.29,0.54,8.53,-0.65
3,0,2708984,-405.00,2910.00,-3523.00,-0.28,-2.96,5.82,-0.88,2.91,-1.05
3,0,2722656,-266.00,2918.00,-3609.00,0.52,-2.28,6.66,-1.34,-0.40,-0.69
3,0,2736328,-337.00,2926.00,-3807.00,1.30,-0.79,9.80,-2.15,-6.01,-0.03
____RECORD END_____
SKATEBOARD TRICK RECORDER 3000
Number of Recorded Data Points: 3
Enter:(1)Record | (2)Exit
